cpu_path=/sys/devices/system/cpu/cpu0
core_index=0
freqs_num=23
freqs times
192000 1375174
384000 33407
432000 38270
486000 25153
540000 31987
594000 26285
648000 36768
702000 27848
756000 38505
810000 36213
864000 28561
918000 173312
972000 35109
1026000 37046
1080000 27180
1134000 32659
1188000 32335
1242000 18209
1296000 9265
1350000 5588
1404000 9822
1458000 12857
1512000 81749
==================================================
===========[ cpu_info ]===========
cpu_path=/sys/devices/system/cpu/cpu0
core_index=0
freqs_num=23
freqs times
192000 1375841  667
384000 33407
432000 38284	14
486000 25165	12
540000 31999	12
594000 26321	36
648000 36789	21
702000 27858	10
756000 38507	2
810000 36234	21
864000 28561
918000 173392	80
972000 35109
1026000 37084	38
1080000 27208	28
1134000 32678	19
1188000 32345	10
1242000 18209
1296000 9285	20
1350000 5598	10
1404000 9822
1458000 12857
1512000 81749

sum 			1000
